3.016565600999999930e+01
2.988297486000000092e+01
2.960030151999999859e+01
2.931763772000000046e+01
2.903498525999999913e+01
2.875234607000000153e+01
2.846972217000000072e+01
2.818711568999999884e+01
2.790452890999999980e+01
2.762196421000000157e+01
2.733942412000000033e+01
2.705691128999999862e+01
2.677442856000000049e+01
2.649197891000000027e+01
2.620956548999999924e+01
2.592719165000000103e+01
2.564486090999999846e+01
2.536257700999999898e+01
2.508034392000000068e+01
2.479816582000000125e+01
2.451604717000000022e+01
2.423399266999999924e+01
2.395200731999999988e+01
2.367009639999999848e+01
2.338826553000000175e+01
2.310652067999999915e+01
2.282486816999999846e+01
2.254331472000000147e+01
2.226186749000000020e+01
2.198053404999999927e+01
2.169932247999999930e+01
2.141824138000000133e+01
2.113729989000000131e+01
2.085650774000000141e+01
2.057587532999999880e+01
2.029541371999999910e+01
2.001513470000000083e+01
1.973505089000000012e+01
1.945517571999999973e+01
1.917552359000000095e+01
1.889610984999999843e+01
1.861695097000000132e+01
1.833806453000000047e+01
1.805946941999999922e+01
1.778118582999999830e+01
1.750323546999999991e+01
1.722564162000000110e+01
1.694842928999999998e+01
1.667162536000000017e+01
1.639525878999999975e+01
1.611936070999999870e+01
1.584396468999999996e+01
1.556910695000000011e+01
1.529482654999999980e+01
1.502116572000000083e+01
1.474817009000000034e+01
1.447588906000000009e+01
1.420437611000000011e+01
1.393368925000000047e+01
1.366389138999999986e+01
1.339505087000000039e+01
1.312724195000000016e+01
1.286054546000000087e+01
1.259504938000000074e+01
1.233084962999999945e+01
1.206805083000000067e+01
1.180676719000000041e+01
1.154712353000000036e+01
1.128925629999999991e+01
1.103331486000000083e+01
1.077946273000000055e+01
1.052787906999999912e+01
1.027876028000000019e+01
1.003232170000000067e+01
9.788799516999999284e+00
9.548452786000000359e+00
9.311565589000000642e+00
9.078449326999999514e+00
8.849445106999999311e+00
8.624926182999999469e+00
8.405300394999999369e+00
8.191012502999999612e+00
7.982546328999999830e+00
7.780426517000000430e+00
7.585219750000000261e+00
7.397535154999999918e+00
7.218023624999999832e+00
7.047375717000000428e+00
6.886317773000000031e+00
6.735605888000000263e+00
6.596017404999999556e+00
6.468339655000000299e+00
6.353355872999999931e+00
6.251828359000000113e+00
6.164479318999999791e+00
6.091970080000000287e+00
6.034879765000000340e+00
5.993684769999999773e+00
5.968740562999999888e+00
5.960267316000000370e+00
5.968340659999999964e+00
5.992888456000000197e+00
6.033693879000000315e+00
6.090404522000000043e+00
6.162546660000000287e+00
6.249543370999999681e+00
6.350735031000000141e+00
6.465400632999999786e+00
6.592778591000000077e+00
6.732085961000000118e+00
6.882535329000000424e+00
7.043348975999999872e+00
7.213770186999999723e+00
7.393071835999999841e+00
7.580562461999999613e+00
7.775590199999999896e+00
7.977544918999999624e+00
8.185858932000000365e+00
8.400006606999999903e+00
8.619503178000000432e+00
8.843902979999999303e+00
9.072797329000000133e+00
9.305812181000000294e+00
9.542605697000000831e+00
9.782865802999999971e+00
1.002630779999999966e+01
1.027267207000000049e+01
1.052172191000000012e+01
1.077324151000000008e+01
1.102703404999999925e+01
1.128291998999999990e+01
1.154073544000000062e+01
1.180033075000000053e+01
1.206156917000000028e+01
1.232432563000000059e+01
1.258848567999999979e+01
1.285394447999999912e+01
1.312060594000000080e+01
1.338838188999999979e+01
nan
1.365719136000000056e+01
1.392695991999999983e+01
1.419761914000000047e+01
1.446910594999999944e+01
1.474136226999999977e+01
1.501433450999999941e+01
1.528797319000000066e+01
1.556223259000000070e+01
1.583707043000000070e+01
1.611244755999999967e+01
1.638832771999999949e+01
1.666467730000000103e+01
1.694146508000000040e+01
1.721866209999999953e+01
1.749624143000000132e+01
1.777417800999999997e+01
1.805244854000000032e+01
1.833103128999999853e+01
1.860990603000000121e+01
1.888905387000000147e+01
1.916845716999999993e+01
1.944809949000000060e+01
1.972796543000000113e+01
2.000804060999999834e+01
2.028831154999999953e+01
2.056876564999999957e+01
2.084939109999999829e+01
2.113017682999999991e+01
2.141111245000000096e+01
2.169218821000000119e+01
2.197339497000000108e+01
2.225472414000000043e+01
2.253616763999999861e+01
2.281771788000000001e+01
2.309936772000000005e+01
2.338111044000000049e+01
2.366293972000000068e+01
2.394484959000000046e+01
2.422683444999999836e+01
2.450888901000000075e+01
2.479100827999999979e+01
2.507318757000000176e+01
2.535542243000000084e+01
2.563770869000000019e+01
2.592004238000000171e+01
2.620241979000000043e+01
2.648483737999999832e+01
2.676729183000000134e+01
2.704977999999999838e+01
2.733229891999999950e+01
2.761484576999999874e+01
2.789741790000000066e+01
2.818001280000000008e+01
2.846262809999999988e+01
2.874526154999999861e+01
2.902791102000000123e+01
2.931057450999999858e+01
2.959325012000000044e+01
2.987593603999999914e+01
3.015863056999999969e+01
3.044133211000000117e+01
