1.554717076816639576e+02
1.542663908102696837e+02
1.530588739388080057e+02
1.514881115554823907e+02
1.502760146838594153e+02
1.487005521322240043e+02
1.474836152604377446e+02
1.459031628766810229e+02
1.446811160047342923e+02
1.430954034526650958e+02
1.418679365805558632e+02
1.402766441963658792e+02
1.390434373240938442e+02
1.374462447715902726e+02
1.362069478991549545e+02
1.346034753464334415e+02
1.333577086419305999e+02
1.317475660889906521e+02
1.304949292162276606e+02
1.292386823433942027e+02
1.276177297901412118e+02
1.263539330852392766e+02
1.247251705317665795e+02
1.234533036586035450e+02
1.218162211049105679e+02
1.205357442315821714e+02
1.188897418457645898e+02
1.176000549722703710e+02
1.159445224181353638e+02
1.146449555444750530e+02
1.129791931582143718e+02
1.116690362843874738e+02
1.099923037298083699e+02
1.086707468558145706e+02
1.069822044691087655e+02
1.056483975949476530e+02
1.039471150399224086e+02
1.026000781655936152e+02
1.012460412911928387e+02
9.952373890394379430e+01
9.815484202937480518e+01
9.641705947380506814e+01
9.503205259906746960e+01
9.327749021136882845e+01
9.187498333646222193e+01
9.010218078044188417e+01
8.868063390536592294e+01
8.688795151721565446e+01
8.544564464196996312e+01
8.363125208549699607e+01
8.216623521008121145e+01
8.032807265338119862e+01
7.883816594589107751e+01
7.697392338896351305e+01
7.545667651320638925e+01
7.392471963737591523e+01
7.201634708012242925e+01
7.045274037221673780e+01
6.851107781473446323e+01
6.691243093856091662e+01
6.493387838084939290e+01
6.329636150450374998e+01
6.127680911465861868e+01
5.959602223814047761e+01
5.753076967996902624e+01
5.580166280327804884e+01
5.368529041297037452e+01
5.190206353610619772e+01
4.972834097747448823e+01
4.788429410043670487e+01
4.564602170966620065e+01
4.373341483245451400e+01
4.142226227335899580e+01
3.943211539597299975e+01
3.739939851851218577e+01
3.496031612717709436e+01
3.283383924954148370e+01
3.029475668987853965e+01
2.806153981206941239e+01
2.540848742026724949e+01
2.305355054228095923e+01
2.027046798215002354e+01
1.777663110398785307e+01
1.484519871171832506e+01
1.219300183337992394e+01
9.092639272779052817e+00
6.260462394264095565e+00
2.968649833427548401e+00
-6.672687716817904402e-02
-3.573609438240822556e+00
-6.835786317110006394e+00
-1.021974319605524784e+01
-1.409135575746603308e+01
-1.773272246849293765e+01
-2.186867503014099157e+01
-2.577851190944213045e+01
-3.018345447132790582e+01
-3.435829135080746255e+01
-3.901889374483533857e+01
-4.343393062449371200e+01
-4.831259318685633275e+01
-5.291667006669388229e+01
-5.794869246119948514e+01
-6.266449934121651211e+01
-6.776192190405778604e+01
-7.249379878425465051e+01
-7.755698117923975587e+01
-8.220542805961683541e+01
-8.713911062293851728e+01
-9.161686750349610975e+01
-9.598378438413108427e+01
-1.005884567797009908e+02
-1.047000536605169572e+02
-1.090349962244245319e+02
-1.128686731054218626e+02
-1.169229555014752435e+02
-1.204777823826542544e+02
-1.242586849470462056e+02
-1.275484018284071936e+02
-1.310744542249458959e+02
-1.341209411064892265e+02
-1.374162036713673842e+02
-1.402447305530933477e+02
-1.433348831182152878e+02
-1.459709498320280545e+02
-1.488809223973941869e+02
-1.513485692794864406e+02
-1.537403161616585408e+02
-1.564222387273742640e+02
-1.586771854416311669e+02
-1.612315680075921591e+02
-1.633675748901309248e+02
-1.658110474563391676e+02
-1.678435943390623777e+02
-1.701904767374173559e+02
-1.721328036203253191e+02
-1.743953761870261872e+02
-1.762588530701192440e+02
-1.784476154689676832e+02
nan
1.797580676477539043e+02
1.776341450805586817e+02
1.759006581970945717e+02
1.738338757977509204e+02
1.721541189141007919e+02
1.701378763464095130e+02
1.685057194625730972e+02
1.668953425786567095e+02
1.649445201787094675e+02
1.633741132946063033e+02
1.614610607263104214e+02
1.599263738420201832e+02
1.580471514415740160e+02
1.565445045570963316e+02
1.546956519883007388e+02
1.532218351036353852e+02
1.514003627026886818e+02
1.499525558178353037e+02
1.481558232485382689e+02
1.467315663634965688e+02
1.449572637939498634e+02
1.435543870768173065e+02
1.418004645070172955e+02
1.404170476215980443e+02
1.390427007360977143e+02
1.373160381659390339e+02
1.359586714483470189e+02
1.342482688779340378e+02
1.329064519920546559e+02
1.312109394213902078e+02
1.298833925353208940e+02
1.282015801324990321e+02
1.268871732462393993e+02
1.252179606750675873e+02
1.239156737886174255e+02
1.222581113852874353e+02
1.209670144986463924e+02
1.193202119269655270e+02
1.180394750401334250e+02
1.164026426362936775e+02
1.151315157492700223e+02
1.135039531770786994e+02
1.122417562898633037e+02
1.109837794025657161e+02
1.093689069981049613e+02
1.081189501106151170e+02
1.065118275378017643e+02
1.052693606501195802e+02
1.036694582451455631e+02
1.024339813572706817e+02
1.008408387839432976e+02
9.961190189587540544e+01
9.802509949038670811e+01
9.680229260212536246e+01
9.522143002828266845e+01
9.400437313982780552e+01
9.242908056572520081e+01
9.121742384517420987e+01
8.964737127081446033e+01
8.844080438197158855e+01
8.723666749304538826e+01
