-2.394602000000000075e+01
-2.387546999999999997e+01
-2.380346000000000117e+01
-2.372997000000000156e+01
-2.365493000000000023e+01
-2.357832000000000150e+01
-2.350006000000000128e+01
-2.342012000000000072e+01
-2.333843999999999852e+01
-2.325496000000000052e+01
-2.316961999999999833e+01
-2.308237000000000094e+01
-2.299313000000000073e+01
-2.290183999999999997e+01
-2.280844000000000094e+01
-2.271283999999999992e+01
-2.261496999999999957e+01
-2.251474999999999937e+01
-2.241210999999999842e+01
-2.230694000000000088e+01
-2.219915999999999912e+01
-2.208868000000000009e+01
-2.197538000000000125e+01
-2.185917999999999850e+01
-2.173995000000000033e+01
-2.161758000000000024e+01
-2.149193999999999960e+01
-2.136291999999999902e+01
-2.123037000000000063e+01
-2.109415999999999869e+01
-2.095411999999999964e+01
-2.081012000000000128e+01
-2.066197000000000017e+01
-2.050950999999999880e+01
-2.035255000000000081e+01
-2.019088999999999956e+01
-2.002433999999999870e+01
-1.985266999999999982e+01
-1.967565000000000097e+01
-1.949305000000000021e+01
-1.930460000000000065e+01
-1.911001999999999867e+01
-1.890905000000000058e+01
-1.870135000000000147e+01
-1.848661999999999850e+01
-1.826451000000000136e+01
-1.803463999999999956e+01
-1.779663000000000039e+01
-1.755005999999999844e+01
-1.729449999999999932e+01
-1.702946999999999989e+01
-1.675446000000000168e+01
-1.646894999999999953e+01
-1.617236000000000118e+01
-1.586408999999999914e+01
-1.554348000000000063e+01
-1.520983000000000018e+01
-1.486239999999999917e+01
-1.450040000000000084e+01
-1.412297000000000047e+01
-1.372920000000000051e+01
-1.331812000000000040e+01
-1.288868000000000080e+01
-1.243975000000000009e+01
-1.197015000000000029e+01
-1.147859000000000052e+01
-1.096369999999999933e+01
-1.042401000000000089e+01
-9.857950000000000657e+00
-9.263859999999999317e+00
-8.639960000000000306e+00
-7.984350000000000058e+00
-7.295040000000000191e+00
-6.569910000000000139e+00
-5.806720000000000326e+00
-5.003160000000000274e+00
-4.156789999999999985e+00
-3.265130000000000088e+00
-2.325619999999999798e+00
-1.335690000000000044e+00
-2.928000000000000047e-01
8.054900000000000393e-01
1.961470000000000047e+00
3.177179999999999893e+00
4.454259999999999664e+00
5.793840000000000323e+00
7.196380000000000443e+00
8.661429999999999296e+00
1.018745000000000012e+01
1.177161000000000080e+01
1.340948000000000029e+01
1.509488999999999947e+01
1.681970000000000098e+01
1.857370999999999839e+01
2.034462999999999866e+01
2.211815999999999960e+01
2.387827000000000055e+01
2.560762000000000072e+01
2.728810000000000002e+01
2.890155999999999992e+01
3.043058999999999870e+01
3.185934999999999917e+01
3.317428000000000310e+01
3.436475999999999686e+01
3.542349999999999710e+01
3.634673999999999694e+01
3.713418999999999670e+01
3.778871000000000180e+01
3.831593000000000160e+01
3.872363000000000000e+01
3.902116000000000184e+01
3.921885999999999939e+01
3.932748000000000133e+01
3.935779999999999745e+01
3.932021999999999906e+01
3.922455000000000069e+01
3.907983000000000118e+01
3.889424999999999955e+01
3.867511999999999972e+01
3.842886000000000024e+01
3.816109000000000151e+01
3.787664000000000186e+01
3.757963999999999771e+01
3.727362999999999715e+01
3.696155000000000257e+01
3.664589000000000141e+01
3.632871999999999701e+01
3.601174000000000319e+01
3.569635000000000247e+01
3.538369000000000142e+01
3.507466999999999757e+01
3.477002000000000237e+01
3.447030999999999779e+01
3.417598000000000269e+01
3.388734999999999786e+01
3.360466999999999871e+01
3.332809000000000310e+01
3.305771000000000015e+01
3.279357999999999862e+01
nan
3.253569000000000244e+01
3.228403000000000134e+01
3.203851999999999833e+01
3.179908999999999963e+01
3.156565000000000154e+01
3.133805999999999869e+01
3.111621999999999844e+01
3.089999999999999858e+01
3.068924000000000163e+01
3.048383000000000109e+01
3.028360999999999947e+01
3.008843999999999852e+01
2.989817000000000036e+01
2.971266999999999925e+01
2.953180000000000049e+01
2.935540999999999912e+01
2.918337000000000003e+01
2.901555000000000106e+01
2.885182000000000002e+01
2.869204999999999828e+01
2.853612000000000037e+01
2.838390000000000057e+01
2.823528999999999911e+01
2.809017000000000053e+01
2.794842999999999833e+01
2.780996999999999986e+01
2.767467999999999861e+01
2.754247000000000156e+01
2.741323999999999828e+01
2.728688999999999965e+01
2.716335000000000122e+01
2.704251999999999967e+01
2.692433000000000121e+01
2.680867999999999896e+01
2.669551999999999836e+01
2.658474999999999966e+01
2.647632000000000119e+01
2.637013999999999925e+01
2.626615999999999929e+01
2.616432000000000002e+01
2.606454000000000093e+01
2.596677000000000035e+01
2.587096000000000018e+01
2.577703999999999951e+01
2.568496000000000024e+01
2.559467000000000070e+01
2.550612999999999886e+01
2.541928000000000054e+01
2.533407000000000053e+01
2.525046999999999997e+01
2.516843000000000075e+01
2.508790000000000120e+01
2.500883999999999929e+01
2.493122999999999934e+01
2.485501000000000005e+01
2.478015999999999863e+01
2.470663000000000054e+01
2.463439999999999941e+01
2.456342000000000070e+01
2.449367000000000161e+01
2.442511999999999972e+01
